{
 "cells": [
  {
   "cell_type": "markdown",
   "metadata": {},
   "source": [
    "### 폐암 환자의 폐암 예측"
   ]
  },
  {
   "cell_type": "code",
   "execution_count": 1,
   "metadata": {},
   "outputs": [
    {
     "data": {
      "text/html": [
       "<div>\n",
       "<style scoped>\n",
       "    .dataframe tbody tr th:only-of-type {\n",
       "        vertical-align: middle;\n",
       "    }\n",
       "\n",
       "    .dataframe tbody tr th {\n",
       "        vertical-align: top;\n",
       "    }\n",
       "\n",
       "    .dataframe thead th {\n",
       "        text-align: right;\n",
       "    }\n",
       "</style>\n",
       "<table border=\"1\" class=\"dataframe\">\n",
       "  <thead>\n",
       "    <tr style=\"text-align: right;\">\n",
       "      <th></th>\n",
       "      <th>0</th>\n",
       "      <th>1</th>\n",
       "      <th>2</th>\n",
       "      <th>3</th>\n",
       "      <th>4</th>\n",
       "      <th>5</th>\n",
       "      <th>6</th>\n",
       "      <th>7</th>\n",
       "      <th>8</th>\n",
       "      <th>9</th>\n",
       "      <th>10</th>\n",
       "      <th>11</th>\n",
       "      <th>12</th>\n",
       "      <th>13</th>\n",
       "      <th>14</th>\n",
       "      <th>15</th>\n",
       "      <th>16</th>\n",
       "      <th>17</th>\n",
       "    </tr>\n",
       "  </thead>\n",
       "  <tbody>\n",
       "    <tr>\n",
       "      <th>0</th>\n",
       "      <td>293</td>\n",
       "      <td>1</td>\n",
       "      <td>3.80</td>\n",
       "      <td>2.80</td>\n",
       "      <td>0</td>\n",
       "      <td>0</td>\n",
       "      <td>0</td>\n",
       "      <td>0</td>\n",
       "      <td>0</td>\n",
       "      <td>0</td>\n",
       "      <td>12</td>\n",
       "      <td>0</td>\n",
       "      <td>0</td>\n",
       "      <td>0</td>\n",
       "      <td>1</td>\n",
       "      <td>0</td>\n",
       "      <td>62</td>\n",
       "      <td>0</td>\n",
       "    </tr>\n",
       "    <tr>\n",
       "      <th>1</th>\n",
       "      <td>1</td>\n",
       "      <td>2</td>\n",
       "      <td>2.88</td>\n",
       "      <td>2.16</td>\n",
       "      <td>1</td>\n",
       "      <td>0</td>\n",
       "      <td>0</td>\n",
       "      <td>0</td>\n",
       "      <td>1</td>\n",
       "      <td>1</td>\n",
       "      <td>14</td>\n",
       "      <td>0</td>\n",
       "      <td>0</td>\n",
       "      <td>0</td>\n",
       "      <td>1</td>\n",
       "      <td>0</td>\n",
       "      <td>60</td>\n",
       "      <td>0</td>\n",
       "    </tr>\n",
       "    <tr>\n",
       "      <th>2</th>\n",
       "      <td>8</td>\n",
       "      <td>2</td>\n",
       "      <td>3.19</td>\n",
       "      <td>2.50</td>\n",
       "      <td>1</td>\n",
       "      <td>0</td>\n",
       "      <td>0</td>\n",
       "      <td>0</td>\n",
       "      <td>1</td>\n",
       "      <td>0</td>\n",
       "      <td>11</td>\n",
       "      <td>0</td>\n",
       "      <td>0</td>\n",
       "      <td>1</td>\n",
       "      <td>1</td>\n",
       "      <td>0</td>\n",
       "      <td>66</td>\n",
       "      <td>1</td>\n",
       "    </tr>\n",
       "    <tr>\n",
       "      <th>3</th>\n",
       "      <td>14</td>\n",
       "      <td>2</td>\n",
       "      <td>3.98</td>\n",
       "      <td>3.06</td>\n",
       "      <td>2</td>\n",
       "      <td>0</td>\n",
       "      <td>0</td>\n",
       "      <td>0</td>\n",
       "      <td>1</td>\n",
       "      <td>1</td>\n",
       "      <td>14</td>\n",
       "      <td>0</td>\n",
       "      <td>0</td>\n",
       "      <td>0</td>\n",
       "      <td>1</td>\n",
       "      <td>0</td>\n",
       "      <td>80</td>\n",
       "      <td>1</td>\n",
       "    </tr>\n",
       "    <tr>\n",
       "      <th>4</th>\n",
       "      <td>17</td>\n",
       "      <td>2</td>\n",
       "      <td>2.21</td>\n",
       "      <td>1.88</td>\n",
       "      <td>0</td>\n",
       "      <td>0</td>\n",
       "      <td>1</td>\n",
       "      <td>0</td>\n",
       "      <td>0</td>\n",
       "      <td>0</td>\n",
       "      <td>12</td>\n",
       "      <td>0</td>\n",
       "      <td>0</td>\n",
       "      <td>0</td>\n",
       "      <td>1</td>\n",
       "      <td>0</td>\n",
       "      <td>56</td>\n",
       "      <td>0</td>\n",
       "    </tr>\n",
       "  </tbody>\n",
       "</table>\n",
       "</div>"
      ],
      "text/plain": [
       "    0   1     2     3   4   5   6   7   8   9   10  11  12  13  14  15  16  17\n",
       "0  293   1  3.80  2.80   0   0   0   0   0   0  12   0   0   0   1   0  62   0\n",
       "1    1   2  2.88  2.16   1   0   0   0   1   1  14   0   0   0   1   0  60   0\n",
       "2    8   2  3.19  2.50   1   0   0   0   1   0  11   0   0   1   1   0  66   1\n",
       "3   14   2  3.98  3.06   2   0   0   0   1   1  14   0   0   0   1   0  80   1\n",
       "4   17   2  2.21  1.88   0   0   1   0   0   0  12   0   0   0   1   0  56   0"
      ]
     },
     "execution_count": 1,
     "metadata": {},
     "output_type": "execute_result"
    }
   ],
   "source": [
    "import pandas as pd\n",
    "\n",
    "# 데이터 로드\n",
    "data = pd.read_csv(\"./Data/ThoraricSurgery.csv\", header=None)\n",
    "\n",
    "data.head()"
   ]
  },
  {
   "cell_type": "markdown",
   "metadata": {},
   "source": [
    "머신러닝 시 반드시 수행하는 세 함수\n",
    "- .info()\n",
    "- .describe()\n",
    "- .corr()"
   ]
  },
  {
   "cell_type": "code",
   "execution_count": 2,
   "metadata": {},
   "outputs": [
    {
     "name": "stdout",
     "output_type": "stream",
     "text": [
      "<class 'pandas.core.frame.DataFrame'>\n",
      "RangeIndex: 470 entries, 0 to 469\n",
      "Data columns (total 18 columns):\n",
      " #   Column  Non-Null Count  Dtype  \n",
      "---  ------  --------------  -----  \n",
      " 0   0       470 non-null    int64  \n",
      " 1   1       470 non-null    int64  \n",
      " 2   2       470 non-null    float64\n",
      " 3   3       470 non-null    float64\n",
      " 4   4       470 non-null    int64  \n",
      " 5   5       470 non-null    int64  \n",
      " 6   6       470 non-null    int64  \n",
      " 7   7       470 non-null    int64  \n",
      " 8   8       470 non-null    int64  \n",
      " 9   9       470 non-null    int64  \n",
      " 10  10      470 non-null    int64  \n",
      " 11  11      470 non-null    int64  \n",
      " 12  12      470 non-null    int64  \n",
      " 13  13      470 non-null    int64  \n",
      " 14  14      470 non-null    int64  \n",
      " 15  15      470 non-null    int64  \n",
      " 16  16      470 non-null    int64  \n",
      " 17  17      470 non-null    int64  \n",
      "dtypes: float64(2), int64(16)\n",
      "memory usage: 66.2 KB\n"
     ]
    }
   ],
   "source": [
    "data.info()"
   ]
  },
  {
   "cell_type": "code",
   "execution_count": 3,
   "metadata": {},
   "outputs": [
    {
     "data": {
      "text/html": [
       "<div>\n",
       "<style scoped>\n",
       "    .dataframe tbody tr th:only-of-type {\n",
       "        vertical-align: middle;\n",
       "    }\n",
       "\n",
       "    .dataframe tbody tr th {\n",
       "        vertical-align: top;\n",
       "    }\n",
       "\n",
       "    .dataframe thead th {\n",
       "        text-align: right;\n",
       "    }\n",
       "</style>\n",
       "<table border=\"1\" class=\"dataframe\">\n",
       "  <thead>\n",
       "    <tr style=\"text-align: right;\">\n",
       "      <th></th>\n",
       "      <th>0</th>\n",
       "      <th>1</th>\n",
       "      <th>2</th>\n",
       "      <th>3</th>\n",
       "      <th>4</th>\n",
       "      <th>5</th>\n",
       "      <th>6</th>\n",
       "      <th>7</th>\n",
       "      <th>8</th>\n",
       "      <th>9</th>\n",
       "      <th>10</th>\n",
       "      <th>11</th>\n",
       "      <th>12</th>\n",
       "      <th>13</th>\n",
       "      <th>14</th>\n",
       "      <th>15</th>\n",
       "      <th>16</th>\n",
       "      <th>17</th>\n",
       "    </tr>\n",
       "  </thead>\n",
       "  <tbody>\n",
       "    <tr>\n",
       "      <th>count</th>\n",
       "      <td>470.000000</td>\n",
       "      <td>470.000000</td>\n",
       "      <td>470.000000</td>\n",
       "      <td>470.000000</td>\n",
       "      <td>470.000000</td>\n",
       "      <td>470.000000</td>\n",
       "      <td>470.000000</td>\n",
       "      <td>470.000000</td>\n",
       "      <td>470.000000</td>\n",
       "      <td>470.000000</td>\n",
       "      <td>470.000000</td>\n",
       "      <td>470.000000</td>\n",
       "      <td>470.000000</td>\n",
       "      <td>470.000000</td>\n",
       "      <td>470.000000</td>\n",
       "      <td>470.000000</td>\n",
       "      <td>470.000000</td>\n",
       "      <td>470.000000</td>\n",
       "    </tr>\n",
       "    <tr>\n",
       "      <th>mean</th>\n",
       "      <td>235.500000</td>\n",
       "      <td>3.095745</td>\n",
       "      <td>3.281638</td>\n",
       "      <td>4.568702</td>\n",
       "      <td>0.780851</td>\n",
       "      <td>0.065957</td>\n",
       "      <td>0.144681</td>\n",
       "      <td>0.065957</td>\n",
       "      <td>0.687234</td>\n",
       "      <td>0.165957</td>\n",
       "      <td>11.736170</td>\n",
       "      <td>0.074468</td>\n",
       "      <td>0.004255</td>\n",
       "      <td>0.017021</td>\n",
       "      <td>0.821277</td>\n",
       "      <td>0.004255</td>\n",
       "      <td>62.534043</td>\n",
       "      <td>0.148936</td>\n",
       "    </tr>\n",
       "    <tr>\n",
       "      <th>std</th>\n",
       "      <td>135.821574</td>\n",
       "      <td>0.722309</td>\n",
       "      <td>0.871395</td>\n",
       "      <td>11.767857</td>\n",
       "      <td>0.535375</td>\n",
       "      <td>0.248472</td>\n",
       "      <td>0.352154</td>\n",
       "      <td>0.248472</td>\n",
       "      <td>0.464114</td>\n",
       "      <td>0.372439</td>\n",
       "      <td>0.702243</td>\n",
       "      <td>0.262811</td>\n",
       "      <td>0.065163</td>\n",
       "      <td>0.129488</td>\n",
       "      <td>0.383529</td>\n",
       "      <td>0.065163</td>\n",
       "      <td>8.706902</td>\n",
       "      <td>0.356405</td>\n",
       "    </tr>\n",
       "    <tr>\n",
       "      <th>min</th>\n",
       "      <td>1.000000</td>\n",
       "      <td>1.000000</td>\n",
       "      <td>1.440000</td>\n",
       "      <td>0.960000</td>\n",
       "      <td>0.000000</td>\n",
       "      <td>0.000000</td>\n",
       "      <td>0.000000</td>\n",
       "      <td>0.000000</td>\n",
       "      <td>0.000000</td>\n",
       "      <td>0.000000</td>\n",
       "      <td>11.000000</td>\n",
       "      <td>0.000000</td>\n",
       "      <td>0.000000</td>\n",
       "      <td>0.000000</td>\n",
       "      <td>0.000000</td>\n",
       "      <td>0.000000</td>\n",
       "      <td>21.000000</td>\n",
       "      <td>0.000000</td>\n",
       "    </tr>\n",
       "    <tr>\n",
       "      <th>25%</th>\n",
       "      <td>118.250000</td>\n",
       "      <td>3.000000</td>\n",
       "      <td>2.600000</td>\n",
       "      <td>1.960000</td>\n",
       "      <td>0.000000</td>\n",
       "      <td>0.000000</td>\n",
       "      <td>0.000000</td>\n",
       "      <td>0.000000</td>\n",
       "      <td>0.000000</td>\n",
       "      <td>0.000000</td>\n",
       "      <td>11.000000</td>\n",
       "      <td>0.000000</td>\n",
       "      <td>0.000000</td>\n",
       "      <td>0.000000</td>\n",
       "      <td>1.000000</td>\n",
       "      <td>0.000000</td>\n",
       "      <td>57.000000</td>\n",
       "      <td>0.000000</td>\n",
       "    </tr>\n",
       "    <tr>\n",
       "      <th>50%</th>\n",
       "      <td>235.500000</td>\n",
       "      <td>3.000000</td>\n",
       "      <td>3.160000</td>\n",
       "      <td>2.400000</td>\n",
       "      <td>1.000000</td>\n",
       "      <td>0.000000</td>\n",
       "      <td>0.000000</td>\n",
       "      <td>0.000000</td>\n",
       "      <td>1.000000</td>\n",
       "      <td>0.000000</td>\n",
       "      <td>12.000000</td>\n",
       "      <td>0.000000</td>\n",
       "      <td>0.000000</td>\n",
       "      <td>0.000000</td>\n",
       "      <td>1.000000</td>\n",
       "      <td>0.000000</td>\n",
       "      <td>62.000000</td>\n",
       "      <td>0.000000</td>\n",
       "    </tr>\n",
       "    <tr>\n",
       "      <th>75%</th>\n",
       "      <td>352.750000</td>\n",
       "      <td>3.000000</td>\n",
       "      <td>3.807500</td>\n",
       "      <td>3.080000</td>\n",
       "      <td>1.000000</td>\n",
       "      <td>0.000000</td>\n",
       "      <td>0.000000</td>\n",
       "      <td>0.000000</td>\n",
       "      <td>1.000000</td>\n",
       "      <td>0.000000</td>\n",
       "      <td>12.000000</td>\n",
       "      <td>0.000000</td>\n",
       "      <td>0.000000</td>\n",
       "      <td>0.000000</td>\n",
       "      <td>1.000000</td>\n",
       "      <td>0.000000</td>\n",
       "      <td>69.000000</td>\n",
       "      <td>0.000000</td>\n",
       "    </tr>\n",
       "    <tr>\n",
       "      <th>max</th>\n",
       "      <td>470.000000</td>\n",
       "      <td>8.000000</td>\n",
       "      <td>6.300000</td>\n",
       "      <td>86.300000</td>\n",
       "      <td>2.000000</td>\n",
       "      <td>1.000000</td>\n",
       "      <td>1.000000</td>\n",
       "      <td>1.000000</td>\n",
       "      <td>1.000000</td>\n",
       "      <td>1.000000</td>\n",
       "      <td>14.000000</td>\n",
       "      <td>1.000000</td>\n",
       "      <td>1.000000</td>\n",
       "      <td>1.000000</td>\n",
       "      <td>1.000000</td>\n",
       "      <td>1.000000</td>\n",
       "      <td>87.000000</td>\n",
       "      <td>1.000000</td>\n",
       "    </tr>\n",
       "  </tbody>\n",
       "</table>\n",
       "</div>"
      ],
      "text/plain": [
       "               0           1           2           3           4           5   \\\n",
       "count  470.000000  470.000000  470.000000  470.000000  470.000000  470.000000   \n",
       "mean   235.500000    3.095745    3.281638    4.568702    0.780851    0.065957   \n",
       "std    135.821574    0.722309    0.871395   11.767857    0.535375    0.248472   \n",
       "min      1.000000    1.000000    1.440000    0.960000    0.000000    0.000000   \n",
       "25%    118.250000    3.000000    2.600000    1.960000    0.000000    0.000000   \n",
       "50%    235.500000    3.000000    3.160000    2.400000    1.000000    0.000000   \n",
       "75%    352.750000    3.000000    3.807500    3.080000    1.000000    0.000000   \n",
       "max    470.000000    8.000000    6.300000   86.300000    2.000000    1.000000   \n",
       "\n",
       "               6           7           8           9           10          11  \\\n",
       "count  470.000000  470.000000  470.000000  470.000000  470.000000  470.000000   \n",
       "mean     0.144681    0.065957    0.687234    0.165957   11.736170    0.074468   \n",
       "std      0.352154    0.248472    0.464114    0.372439    0.702243    0.262811   \n",
       "min      0.000000    0.000000    0.000000    0.000000   11.000000    0.000000   \n",
       "25%      0.000000    0.000000    0.000000    0.000000   11.000000    0.000000   \n",
       "50%      0.000000    0.000000    1.000000    0.000000   12.000000    0.000000   \n",
       "75%      0.000000    0.000000    1.000000    0.000000   12.000000    0.000000   \n",
       "max      1.000000    1.000000    1.000000    1.000000   14.000000    1.000000   \n",
       "\n",
       "               12          13          14          15          16          17  \n",
       "count  470.000000  470.000000  470.000000  470.000000  470.000000  470.000000  \n",
       "mean     0.004255    0.017021    0.821277    0.004255   62.534043    0.148936  \n",
       "std      0.065163    0.129488    0.383529    0.065163    8.706902    0.356405  \n",
       "min      0.000000    0.000000    0.000000    0.000000   21.000000    0.000000  \n",
       "25%      0.000000    0.000000    1.000000    0.000000   57.000000    0.000000  \n",
       "50%      0.000000    0.000000    1.000000    0.000000   62.000000    0.000000  \n",
       "75%      0.000000    0.000000    1.000000    0.000000   69.000000    0.000000  \n",
       "max      1.000000    1.000000    1.000000    1.000000   87.000000    1.000000  "
      ]
     },
     "execution_count": 3,
     "metadata": {},
     "output_type": "execute_result"
    }
   ],
   "source": [
    "##데이터분포 간단히 분석\n",
    "data.describe()\n",
    "\n",
    "#평균<표준편차 =='이상치가 있다'는 것  _여기 3같은경우는 머신러닝시 반드시 처리해줘야함(scaling등..)\n",
    "#평균과 50%(중앙값)은 비슷해야 함 == 그렇지않으면 데이터가 한 쪽으로 치우쳐있다는 것!(e.g., 3의 데이터)\n",
    "#min과 25% , 75%와 max 각각의 값 차이가 너무 크면 이상치가 있다는 것"
   ]
  },
  {
   "cell_type": "code",
   "execution_count": 4,
   "metadata": {
    "scrolled": true
   },
   "outputs": [
    {
     "data": {
      "text/html": [
       "<div>\n",
       "<style scoped>\n",
       "    .dataframe tbody tr th:only-of-type {\n",
       "        vertical-align: middle;\n",
       "    }\n",
       "\n",
       "    .dataframe tbody tr th {\n",
       "        vertical-align: top;\n",
       "    }\n",
       "\n",
       "    .dataframe thead th {\n",
       "        text-align: right;\n",
       "    }\n",
       "</style>\n",
       "<table border=\"1\" class=\"dataframe\">\n",
       "  <thead>\n",
       "    <tr style=\"text-align: right;\">\n",
       "      <th></th>\n",
       "      <th>0</th>\n",
       "      <th>1</th>\n",
       "      <th>2</th>\n",
       "      <th>3</th>\n",
       "      <th>4</th>\n",
       "      <th>5</th>\n",
       "      <th>6</th>\n",
       "      <th>7</th>\n",
       "      <th>8</th>\n",
       "      <th>9</th>\n",
       "      <th>10</th>\n",
       "      <th>11</th>\n",
       "      <th>12</th>\n",
       "      <th>13</th>\n",
       "      <th>14</th>\n",
       "      <th>15</th>\n",
       "      <th>16</th>\n",
       "      <th>17</th>\n",
       "    </tr>\n",
       "  </thead>\n",
       "  <tbody>\n",
       "    <tr>\n",
       "      <th>0</th>\n",
       "      <td>1.000000</td>\n",
       "      <td>-0.007878</td>\n",
       "      <td>-0.034985</td>\n",
       "      <td>0.029563</td>\n",
       "      <td>-0.021449</td>\n",
       "      <td>0.052724</td>\n",
       "      <td>0.027238</td>\n",
       "      <td>-0.061885</td>\n",
       "      <td>0.008845</td>\n",
       "      <td>0.027271</td>\n",
       "      <td>0.047079</td>\n",
       "      <td>-0.009229</td>\n",
       "      <td>-0.016382</td>\n",
       "      <td>-0.015761</td>\n",
       "      <td>-0.038681</td>\n",
       "      <td>-0.042400</td>\n",
       "      <td>-0.005826</td>\n",
       "      <td>-0.074924</td>\n",
       "    </tr>\n",
       "    <tr>\n",
       "      <th>1</th>\n",
       "      <td>-0.007878</td>\n",
       "      <td>1.000000</td>\n",
       "      <td>0.121263</td>\n",
       "      <td>0.058780</td>\n",
       "      <td>-0.055900</td>\n",
       "      <td>0.047900</td>\n",
       "      <td>-0.062958</td>\n",
       "      <td>-0.047142</td>\n",
       "      <td>-0.075850</td>\n",
       "      <td>-0.019562</td>\n",
       "      <td>-0.135050</td>\n",
       "      <td>0.029753</td>\n",
       "      <td>-0.008675</td>\n",
       "      <td>-0.017461</td>\n",
       "      <td>-0.107427</td>\n",
       "      <td>-0.008675</td>\n",
       "      <td>0.076271</td>\n",
       "      <td>0.060444</td>\n",
       "    </tr>\n",
       "    <tr>\n",
       "      <th>2</th>\n",
       "      <td>-0.034985</td>\n",
       "      <td>0.121263</td>\n",
       "      <td>1.000000</td>\n",
       "      <td>0.032975</td>\n",
       "      <td>-0.091094</td>\n",
       "      <td>0.019786</td>\n",
       "      <td>-0.095827</td>\n",
       "      <td>0.055829</td>\n",
       "      <td>-0.052770</td>\n",
       "      <td>-0.100242</td>\n",
       "      <td>0.034088</td>\n",
       "      <td>-0.115145</td>\n",
       "      <td>-0.009135</td>\n",
       "      <td>-0.035584</td>\n",
       "      <td>-0.012009</td>\n",
       "      <td>-0.060578</td>\n",
       "      <td>-0.290178</td>\n",
       "      <td>-0.046374</td>\n",
       "    </tr>\n",
       "    <tr>\n",
       "      <th>3</th>\n",
       "      <td>0.029563</td>\n",
       "      <td>0.058780</td>\n",
       "      <td>0.032975</td>\n",
       "      <td>1.000000</td>\n",
       "      <td>-0.143155</td>\n",
       "      <td>0.161615</td>\n",
       "      <td>0.102979</td>\n",
       "      <td>0.260073</td>\n",
       "      <td>-0.099914</td>\n",
       "      <td>-0.086103</td>\n",
       "      <td>0.015504</td>\n",
       "      <td>-0.022251</td>\n",
       "      <td>-0.013617</td>\n",
       "      <td>-0.025088</td>\n",
       "      <td>-0.100853</td>\n",
       "      <td>-0.016509</td>\n",
       "      <td>-0.115900</td>\n",
       "      <td>-0.042841</td>\n",
       "    </tr>\n",
       "    <tr>\n",
       "      <th>4</th>\n",
       "      <td>-0.021449</td>\n",
       "      <td>-0.055900</td>\n",
       "      <td>-0.091094</td>\n",
       "      <td>-0.143155</td>\n",
       "      <td>1.000000</td>\n",
       "      <td>0.092863</td>\n",
       "      <td>0.123296</td>\n",
       "      <td>0.092863</td>\n",
       "      <td>0.684647</td>\n",
       "      <td>0.418042</td>\n",
       "      <td>0.089751</td>\n",
       "      <td>0.025310</td>\n",
       "      <td>0.026788</td>\n",
       "      <td>0.023166</td>\n",
       "      <td>0.172289</td>\n",
       "      <td>-0.034330</td>\n",
       "      <td>0.214528</td>\n",
       "      <td>0.093200</td>\n",
       "    </tr>\n",
       "    <tr>\n",
       "      <th>5</th>\n",
       "      <td>0.052724</td>\n",
       "      <td>0.047900</td>\n",
       "      <td>0.019786</td>\n",
       "      <td>0.161615</td>\n",
       "      <td>0.092863</td>\n",
       "      <td>1.000000</td>\n",
       "      <td>0.256225</td>\n",
       "      <td>0.067529</td>\n",
       "      <td>-0.024115</td>\n",
       "      <td>-0.072455</td>\n",
       "      <td>0.099942</td>\n",
       "      <td>0.022578</td>\n",
       "      <td>-0.017372</td>\n",
       "      <td>-0.034968</td>\n",
       "      <td>-0.077406</td>\n",
       "      <td>-0.017372</td>\n",
       "      <td>0.044789</td>\n",
       "      <td>0.057375</td>\n",
       "    </tr>\n",
       "    <tr>\n",
       "      <th>6</th>\n",
       "      <td>0.027238</td>\n",
       "      <td>-0.062958</td>\n",
       "      <td>-0.095827</td>\n",
       "      <td>0.102979</td>\n",
       "      <td>0.123296</td>\n",
       "      <td>0.256225</td>\n",
       "      <td>1.000000</td>\n",
       "      <td>0.134386</td>\n",
       "      <td>0.081772</td>\n",
       "      <td>0.060393</td>\n",
       "      <td>0.059840</td>\n",
       "      <td>-0.001471</td>\n",
       "      <td>-0.026886</td>\n",
       "      <td>0.086156</td>\n",
       "      <td>-0.044942</td>\n",
       "      <td>-0.026886</td>\n",
       "      <td>0.086705</td>\n",
       "      <td>0.065785</td>\n",
       "    </tr>\n",
       "    <tr>\n",
       "      <th>7</th>\n",
       "      <td>-0.061885</td>\n",
       "      <td>-0.047142</td>\n",
       "      <td>0.055829</td>\n",
       "      <td>0.260073</td>\n",
       "      <td>0.092863</td>\n",
       "      <td>0.067529</td>\n",
       "      <td>0.134386</td>\n",
       "      <td>1.000000</td>\n",
       "      <td>0.049843</td>\n",
       "      <td>-0.072455</td>\n",
       "      <td>0.075502</td>\n",
       "      <td>-0.042725</td>\n",
       "      <td>-0.017372</td>\n",
       "      <td>0.097572</td>\n",
       "      <td>-0.077406</td>\n",
       "      <td>-0.017372</td>\n",
       "      <td>-0.015331</td>\n",
       "      <td>0.105530</td>\n",
       "    </tr>\n",
       "    <tr>\n",
       "      <th>8</th>\n",
       "      <td>0.008845</td>\n",
       "      <td>-0.075850</td>\n",
       "      <td>-0.052770</td>\n",
       "      <td>-0.099914</td>\n",
       "      <td>0.684647</td>\n",
       "      <td>-0.024115</td>\n",
       "      <td>0.081772</td>\n",
       "      <td>0.049843</td>\n",
       "      <td>1.000000</td>\n",
       "      <td>0.202245</td>\n",
       "      <td>0.145345</td>\n",
       "      <td>0.016551</td>\n",
       "      <td>0.044101</td>\n",
       "      <td>0.017815</td>\n",
       "      <td>0.200373</td>\n",
       "      <td>-0.026401</td>\n",
       "      <td>0.149589</td>\n",
       "      <td>0.088860</td>\n",
       "    </tr>\n",
       "    <tr>\n",
       "      <th>9</th>\n",
       "      <td>0.027271</td>\n",
       "      <td>-0.019562</td>\n",
       "      <td>-0.100242</td>\n",
       "      <td>-0.086103</td>\n",
       "      <td>0.418042</td>\n",
       "      <td>-0.072455</td>\n",
       "      <td>0.060393</td>\n",
       "      <td>-0.072455</td>\n",
       "      <td>0.202245</td>\n",
       "      <td>1.000000</td>\n",
       "      <td>-0.036044</td>\n",
       "      <td>0.069522</td>\n",
       "      <td>0.058695</td>\n",
       "      <td>0.029726</td>\n",
       "      <td>0.118527</td>\n",
       "      <td>-0.029161</td>\n",
       "      <td>0.208003</td>\n",
       "      <td>0.086467</td>\n",
       "    </tr>\n",
       "    <tr>\n",
       "      <th>10</th>\n",
       "      <td>0.047079</td>\n",
       "      <td>-0.135050</td>\n",
       "      <td>0.034088</td>\n",
       "      <td>0.015504</td>\n",
       "      <td>0.089751</td>\n",
       "      <td>0.099942</td>\n",
       "      <td>0.059840</td>\n",
       "      <td>0.075502</td>\n",
       "      <td>0.145345</td>\n",
       "      <td>-0.036044</td>\n",
       "      <td>1.000000</td>\n",
       "      <td>0.037363</td>\n",
       "      <td>-0.022009</td>\n",
       "      <td>-0.020854</td>\n",
       "      <td>0.038303</td>\n",
       "      <td>-0.022009</td>\n",
       "      <td>0.016118</td>\n",
       "      <td>0.174371</td>\n",
       "    </tr>\n",
       "    <tr>\n",
       "      <th>11</th>\n",
       "      <td>-0.009229</td>\n",
       "      <td>0.029753</td>\n",
       "      <td>-0.115145</td>\n",
       "      <td>-0.022251</td>\n",
       "      <td>0.025310</td>\n",
       "      <td>0.022578</td>\n",
       "      <td>-0.001471</td>\n",
       "      <td>-0.042725</td>\n",
       "      <td>0.016551</td>\n",
       "      <td>0.069522</td>\n",
       "      <td>0.037363</td>\n",
       "      <td>1.000000</td>\n",
       "      <td>-0.018543</td>\n",
       "      <td>0.025328</td>\n",
       "      <td>-0.036906</td>\n",
       "      <td>-0.018543</td>\n",
       "      <td>0.085081</td>\n",
       "      <td>0.108974</td>\n",
       "    </tr>\n",
       "    <tr>\n",
       "      <th>12</th>\n",
       "      <td>-0.016382</td>\n",
       "      <td>-0.008675</td>\n",
       "      <td>-0.009135</td>\n",
       "      <td>-0.013617</td>\n",
       "      <td>0.026788</td>\n",
       "      <td>-0.017372</td>\n",
       "      <td>-0.026886</td>\n",
       "      <td>-0.017372</td>\n",
       "      <td>0.044101</td>\n",
       "      <td>0.058695</td>\n",
       "      <td>-0.022009</td>\n",
       "      <td>-0.018543</td>\n",
       "      <td>1.000000</td>\n",
       "      <td>-0.008602</td>\n",
       "      <td>0.030496</td>\n",
       "      <td>-0.004274</td>\n",
       "      <td>-0.030320</td>\n",
       "      <td>-0.027347</td>\n",
       "    </tr>\n",
       "    <tr>\n",
       "      <th>13</th>\n",
       "      <td>-0.015761</td>\n",
       "      <td>-0.017461</td>\n",
       "      <td>-0.035584</td>\n",
       "      <td>-0.025088</td>\n",
       "      <td>0.023166</td>\n",
       "      <td>-0.034968</td>\n",
       "      <td>0.086156</td>\n",
       "      <td>0.097572</td>\n",
       "      <td>0.017815</td>\n",
       "      <td>0.029726</td>\n",
       "      <td>-0.020854</td>\n",
       "      <td>0.025328</td>\n",
       "      <td>-0.008602</td>\n",
       "      <td>1.000000</td>\n",
       "      <td>0.061386</td>\n",
       "      <td>-0.008602</td>\n",
       "      <td>0.058112</td>\n",
       "      <td>0.037354</td>\n",
       "    </tr>\n",
       "    <tr>\n",
       "      <th>14</th>\n",
       "      <td>-0.038681</td>\n",
       "      <td>-0.107427</td>\n",
       "      <td>-0.012009</td>\n",
       "      <td>-0.100853</td>\n",
       "      <td>0.172289</td>\n",
       "      <td>-0.077406</td>\n",
       "      <td>-0.044942</td>\n",
       "      <td>-0.077406</td>\n",
       "      <td>0.200373</td>\n",
       "      <td>0.118527</td>\n",
       "      <td>0.038303</td>\n",
       "      <td>-0.036906</td>\n",
       "      <td>0.030496</td>\n",
       "      <td>0.061386</td>\n",
       "      <td>1.000000</td>\n",
       "      <td>-0.054820</td>\n",
       "      <td>0.068869</td>\n",
       "      <td>0.085958</td>\n",
       "    </tr>\n",
       "    <tr>\n",
       "      <th>15</th>\n",
       "      <td>-0.042400</td>\n",
       "      <td>-0.008675</td>\n",
       "      <td>-0.060578</td>\n",
       "      <td>-0.016509</td>\n",
       "      <td>-0.034330</td>\n",
       "      <td>-0.017372</td>\n",
       "      <td>-0.026886</td>\n",
       "      <td>-0.017372</td>\n",
       "      <td>-0.026401</td>\n",
       "      <td>-0.029161</td>\n",
       "      <td>-0.022009</td>\n",
       "      <td>-0.018543</td>\n",
       "      <td>-0.004274</td>\n",
       "      <td>-0.008602</td>\n",
       "      <td>-0.054820</td>\n",
       "      <td>1.000000</td>\n",
       "      <td>-0.019046</td>\n",
       "      <td>-0.027347</td>\n",
       "    </tr>\n",
       "    <tr>\n",
       "      <th>16</th>\n",
       "      <td>-0.005826</td>\n",
       "      <td>0.076271</td>\n",
       "      <td>-0.290178</td>\n",
       "      <td>-0.115900</td>\n",
       "      <td>0.214528</td>\n",
       "      <td>0.044789</td>\n",
       "      <td>0.086705</td>\n",
       "      <td>-0.015331</td>\n",
       "      <td>0.149589</td>\n",
       "      <td>0.208003</td>\n",
       "      <td>0.016118</td>\n",
       "      <td>0.085081</td>\n",
       "      <td>-0.030320</td>\n",
       "      <td>0.058112</td>\n",
       "      <td>0.068869</td>\n",
       "      <td>-0.019046</td>\n",
       "      <td>1.000000</td>\n",
       "      <td>0.038902</td>\n",
       "    </tr>\n",
       "    <tr>\n",
       "      <th>17</th>\n",
       "      <td>-0.074924</td>\n",
       "      <td>0.060444</td>\n",
       "      <td>-0.046374</td>\n",
       "      <td>-0.042841</td>\n",
       "      <td>0.093200</td>\n",
       "      <td>0.057375</td>\n",
       "      <td>0.065785</td>\n",
       "      <td>0.105530</td>\n",
       "      <td>0.088860</td>\n",
       "      <td>0.086467</td>\n",
       "      <td>0.174371</td>\n",
       "      <td>0.108974</td>\n",
       "      <td>-0.027347</td>\n",
       "      <td>0.037354</td>\n",
       "      <td>0.085958</td>\n",
       "      <td>-0.027347</td>\n",
       "      <td>0.038902</td>\n",
       "      <td>1.000000</td>\n",
       "    </tr>\n",
       "  </tbody>\n",
       "</table>\n",
       "</div>"
      ],
      "text/plain": [
       "          0         1         2         3         4         5         6   \\\n",
       "0   1.000000 -0.007878 -0.034985  0.029563 -0.021449  0.052724  0.027238   \n",
       "1  -0.007878  1.000000  0.121263  0.058780 -0.055900  0.047900 -0.062958   \n",
       "2  -0.034985  0.121263  1.000000  0.032975 -0.091094  0.019786 -0.095827   \n",
       "3   0.029563  0.058780  0.032975  1.000000 -0.143155  0.161615  0.102979   \n",
       "4  -0.021449 -0.055900 -0.091094 -0.143155  1.000000  0.092863  0.123296   \n",
       "5   0.052724  0.047900  0.019786  0.161615  0.092863  1.000000  0.256225   \n",
       "6   0.027238 -0.062958 -0.095827  0.102979  0.123296  0.256225  1.000000   \n",
       "7  -0.061885 -0.047142  0.055829  0.260073  0.092863  0.067529  0.134386   \n",
       "8   0.008845 -0.075850 -0.052770 -0.099914  0.684647 -0.024115  0.081772   \n",
       "9   0.027271 -0.019562 -0.100242 -0.086103  0.418042 -0.072455  0.060393   \n",
       "10  0.047079 -0.135050  0.034088  0.015504  0.089751  0.099942  0.059840   \n",
       "11 -0.009229  0.029753 -0.115145 -0.022251  0.025310  0.022578 -0.001471   \n",
       "12 -0.016382 -0.008675 -0.009135 -0.013617  0.026788 -0.017372 -0.026886   \n",
       "13 -0.015761 -0.017461 -0.035584 -0.025088  0.023166 -0.034968  0.086156   \n",
       "14 -0.038681 -0.107427 -0.012009 -0.100853  0.172289 -0.077406 -0.044942   \n",
       "15 -0.042400 -0.008675 -0.060578 -0.016509 -0.034330 -0.017372 -0.026886   \n",
       "16 -0.005826  0.076271 -0.290178 -0.115900  0.214528  0.044789  0.086705   \n",
       "17 -0.074924  0.060444 -0.046374 -0.042841  0.093200  0.057375  0.065785   \n",
       "\n",
       "          7         8         9         10        11        12        13  \\\n",
       "0  -0.061885  0.008845  0.027271  0.047079 -0.009229 -0.016382 -0.015761   \n",
       "1  -0.047142 -0.075850 -0.019562 -0.135050  0.029753 -0.008675 -0.017461   \n",
       "2   0.055829 -0.052770 -0.100242  0.034088 -0.115145 -0.009135 -0.035584   \n",
       "3   0.260073 -0.099914 -0.086103  0.015504 -0.022251 -0.013617 -0.025088   \n",
       "4   0.092863  0.684647  0.418042  0.089751  0.025310  0.026788  0.023166   \n",
       "5   0.067529 -0.024115 -0.072455  0.099942  0.022578 -0.017372 -0.034968   \n",
       "6   0.134386  0.081772  0.060393  0.059840 -0.001471 -0.026886  0.086156   \n",
       "7   1.000000  0.049843 -0.072455  0.075502 -0.042725 -0.017372  0.097572   \n",
       "8   0.049843  1.000000  0.202245  0.145345  0.016551  0.044101  0.017815   \n",
       "9  -0.072455  0.202245  1.000000 -0.036044  0.069522  0.058695  0.029726   \n",
       "10  0.075502  0.145345 -0.036044  1.000000  0.037363 -0.022009 -0.020854   \n",
       "11 -0.042725  0.016551  0.069522  0.037363  1.000000 -0.018543  0.025328   \n",
       "12 -0.017372  0.044101  0.058695 -0.022009 -0.018543  1.000000 -0.008602   \n",
       "13  0.097572  0.017815  0.029726 -0.020854  0.025328 -0.008602  1.000000   \n",
       "14 -0.077406  0.200373  0.118527  0.038303 -0.036906  0.030496  0.061386   \n",
       "15 -0.017372 -0.026401 -0.029161 -0.022009 -0.018543 -0.004274 -0.008602   \n",
       "16 -0.015331  0.149589  0.208003  0.016118  0.085081 -0.030320  0.058112   \n",
       "17  0.105530  0.088860  0.086467  0.174371  0.108974 -0.027347  0.037354   \n",
       "\n",
       "          14        15        16        17  \n",
       "0  -0.038681 -0.042400 -0.005826 -0.074924  \n",
       "1  -0.107427 -0.008675  0.076271  0.060444  \n",
       "2  -0.012009 -0.060578 -0.290178 -0.046374  \n",
       "3  -0.100853 -0.016509 -0.115900 -0.042841  \n",
       "4   0.172289 -0.034330  0.214528  0.093200  \n",
       "5  -0.077406 -0.017372  0.044789  0.057375  \n",
       "6  -0.044942 -0.026886  0.086705  0.065785  \n",
       "7  -0.077406 -0.017372 -0.015331  0.105530  \n",
       "8   0.200373 -0.026401  0.149589  0.088860  \n",
       "9   0.118527 -0.029161  0.208003  0.086467  \n",
       "10  0.038303 -0.022009  0.016118  0.174371  \n",
       "11 -0.036906 -0.018543  0.085081  0.108974  \n",
       "12  0.030496 -0.004274 -0.030320 -0.027347  \n",
       "13  0.061386 -0.008602  0.058112  0.037354  \n",
       "14  1.000000 -0.054820  0.068869  0.085958  \n",
       "15 -0.054820  1.000000 -0.019046 -0.027347  \n",
       "16  0.068869 -0.019046  1.000000  0.038902  \n",
       "17  0.085958 -0.027347  0.038902  1.000000  "
      ]
     },
     "execution_count": 4,
     "metadata": {},
     "output_type": "execute_result"
    }
   ],
   "source": [
    "## 데이터의 상관관계\n",
    "data.corr()  ## 11과 12 --> 0.018543로 높은상관관계 보이고 있다!"
   ]
  },
  {
   "cell_type": "code",
   "execution_count": 5,
   "metadata": {},
   "outputs": [
    {
     "data": {
      "text/plain": [
       "((470, 17), (470,))"
      ]
     },
     "execution_count": 5,
     "metadata": {},
     "output_type": "execute_result"
    }
   ],
   "source": [
    "# X, y 분리\n",
    "X = data.iloc[:, :-1]\n",
    "y = data.iloc[:, -1]\n",
    "\n",
    "X.shape, y.shape"
   ]
  },
  {
   "cell_type": "code",
   "execution_count": 6,
   "metadata": {},
   "outputs": [
    {
     "data": {
      "text/plain": [
       "((352, 17), (118, 17), (352,), (118,))"
      ]
     },
     "execution_count": 6,
     "metadata": {},
     "output_type": "execute_result"
    }
   ],
   "source": [
    "# 훈련데이터  / 테스트 데이터 분리\n",
    "from sklearn.model_selection import train_test_split\n",
    "\n",
    "X_train, X_test, y_train, y_test = train_test_split(X, y, \n",
    "                                                   random_state=7)\n",
    "\n",
    "X_train.shape, X_test.shape, y_train.shape, y_test.shape"
   ]
  },
  {
   "cell_type": "markdown",
   "metadata": {},
   "source": [
    "#### 신경망 초기화를 위한 seed 설정"
   ]
  },
  {
   "cell_type": "code",
   "execution_count": 7,
   "metadata": {},
   "outputs": [],
   "source": [
    "import numpy as np\n",
    "import tensorflow\n",
    "seed = 7 \n",
    "np.random.seed(seed)\n",
    "tensorflow.random.set_seed(seed)"
   ]
  },
  {
   "cell_type": "markdown",
   "metadata": {},
   "source": [
    "#### 신경망 설계"
   ]
  },
  {
   "cell_type": "code",
   "execution_count": 8,
   "metadata": {},
   "outputs": [
    {
     "name": "stdout",
     "output_type": "stream",
     "text": [
      "Model: \"sequential\"\n",
      "_________________________________________________________________\n",
      "Layer (type)                 Output Shape              Param #   \n",
      "=================================================================\n",
      "dense (Dense)                (None, 32)                576       \n",
      "_________________________________________________________________\n",
      "dense_1 (Dense)              (None, 64)                2112      \n",
      "_________________________________________________________________\n",
      "dense_2 (Dense)              (None, 32)                2080      \n",
      "_________________________________________________________________\n",
      "dense_3 (Dense)              (None, 16)                528       \n",
      "_________________________________________________________________\n",
      "dense_4 (Dense)              (None, 1)                 17        \n",
      "=================================================================\n",
      "Total params: 5,313\n",
      "Trainable params: 5,313\n",
      "Non-trainable params: 0\n",
      "_________________________________________________________________\n"
     ]
    }
   ],
   "source": [
    "from tensorflow.keras.models import Sequential\n",
    "from tensorflow.keras.layers import Dense\n",
    "\n",
    "model1 = Sequential()\n",
    "\n",
    "# 입력층\n",
    "model1.add(Dense(32, input_dim=X_train.shape[1], activation=\"relu\"))  #X_train.shape[1] = 17\n",
    "\n",
    "# 은닉층    ###..이 부분짜는게 일...!\n",
    "model1.add(Dense(64, activation=\"relu\"))\n",
    "model1.add(Dense(32, activation=\"relu\"))\n",
    "model1.add(Dense(16, activation=\"relu\"))\n",
    "\n",
    "# 출력층\n",
    "model1.add(Dense(1, activation=\"sigmoid\"))\n",
    "\n",
    "model1.summary()"
   ]
  },
  {
   "cell_type": "code",
   "execution_count": 9,
   "metadata": {},
   "outputs": [],
   "source": [
    "# 컴파일 (학습할수있는 모델로 만들어주기)\n",
    "model1.compile(loss=\"binary_crossentropy\",\n",
    "              optimizer=\"adam\",\n",
